0 0.000 0.000 0.000 Clear Label
1 0.000 0.451 0.902 L_TP1_A
2 0.000 0.451 0.902 L_TP1_B
3 0.000 0.451 0.902 L_TP1_C
4 0.000 0.451 0.902 L_TP1_D
5 0.000 0.451 0.902 L_TP1_E
6 0.000 0.451 0.902 L_TP1_F
7 0.184 0.592 1.000 L_TP2.1_A
8 0.184 0.592 1.000 L_TP2.1_B
9 0.184 0.592 1.000 L_TP2.1_C
10 0.184 0.592 1.000 L_TP2.1_D
11 0.365 0.682 1.000 L_TP2.2_A
12 0.365 0.682 1.000 L_TP2.2_B
13 0.365 0.682 1.000 L_TP2.2_C
14 0.365 0.682 1.000 L_TP2.2_D
15 0.522 0.761 1.000 L_TP3_A
16 0.522 0.761 1.000 L_TP3_B
17 0.522 0.761 1.000 L_TP3_C
18 0.522 0.761 1.000 L_TP3_D
19 0.431 0.431 1.000 L_T1_A
20 0.431 0.431 1.000 L_T1_B
21 0.431 0.431 1.000 L_T1_C
22 0.431 0.431 1.000 L_T1_D
23 0.431 0.431 1.000 L_T1_E
24 0.431 0.431 1.000 L_T1_F
25 0.431 0.431 1.000 L_T1_G
26 0.529 0.529 1.000 L_T2.1_A
27 0.529 0.529 1.000 L_T2.1_B
28 0.529 0.529 1.000 L_T2.1_C
29 0.529 0.529 1.000 L_T2.1_D
30 0.529 0.529 1.000 L_T2.1_E
31 0.529 0.529 1.000 L_T2.1_F
32 0.529 0.529 1.000 L_T2.1_G
33 0.627 0.627 1.000 L_T2.2_A
34 0.627 0.627 1.000 L_T2.2_B
35 0.627 0.627 1.000 L_T2.2_C
36 0.627 0.627 1.000 L_T2.2_D
37 0.627 0.627 1.000 L_T2.2_E
38 0.627 0.627 1.000 L_T2.2_F
39 0.627 0.627 1.000 L_T2.2_G
40 0.718 0.718 1.000 L_T3.1_A
41 0.718 0.718 1.000 L_T3.1_B
42 0.718 0.718 1.000 L_T3.1_C
43 0.718 0.718 1.000 L_T3.1_D
44 0.718 0.718 1.000 L_T3.1_E
45 0.718 0.718 1.000 L_T3.1_F
46 0.824 0.824 1.000 L_T3.2_A
47 0.824 0.824 1.000 L_T3.2_B
48 0.824 0.824 1.000 L_T3.2_C
49 0.824 0.824 1.000 L_T3.2_D
50 0.824 0.824 1.000 L_T3.2_E
51 0.851 0.851 0.000 L_O1_A
52 0.851 0.851 0.000 L_O1_B
53 0.851 0.851 0.000 L_O1_C
54 0.851 0.851 0.000 L_O1_D
55 0.851 0.851 0.000 L_O1_E
56 0.922 0.922 0.000 L_O2.1_A
57 0.922 0.922 0.000 L_O2.1_B
58 0.922 0.922 0.000 L_O2.1_C
59 0.922 0.922 0.000 L_O2.1_D
60 0.922 0.922 0.000 L_O2.1_E
61 1.000 1.000 0.149 L_O2.2_A
62 1.000 1.000 0.149 L_O2.2_B
63 1.000 1.000 0.149 L_O2.2_C
64 1.000 1.000 0.149 L_O2.2_D
65 1.000 1.000 0.149 L_O2.2_E
66 1.000 1.000 0.149 L_O2.2_F
67 1.000 1.000 0.149 L_O2.2_G
68 1.000 1.000 0.149 L_O2.2_H
69 1.000 1.000 0.149 L_O2.2_I
70 1.000 1.000 0.149 L_O2.2_J
71 1.000 1.000 0.149 L_O2.2_K
72 1.000 1.000 0.380 L_O3_A
73 1.000 1.000 0.380 L_O3_B
74 1.000 1.000 0.380 L_O3_C.1
75 1.000 1.000 0.380 L_O3_C.2
76 1.000 1.000 0.380 L_O3_D.1
77 1.000 1.000 0.380 L_O3_D.2
78 1.000 1.000 0.380 L_O3_E
79 1.000 1.000 0.380 L_O3_F
80 1.000 1.000 0.380 L_O3_G
81 1.000 1.000 0.380 L_O3_H
82 1.000 1.000 0.380 L_O3_I
83 1.000 1.000 0.647 L_O4_A
84 1.000 1.000 0.380 L_O4_B
85 0.451 1.000 0.498 L_AN1_A
86 0.451 1.000 0.498 L_AN1_B
87 0.451 1.000 0.498 L_AN1_C
88 0.522 1.000 0.569 L_AN2_A
89 0.522 1.000 0.569 L_AN2_B
90 0.522 1.000 0.569 L_AN2_C
91 0.522 1.000 0.569 L_AN2_D
92 0.506 0.867 0.000 L_SM1_A
93 0.506 0.867 0.000 L_SM1_B
94 0.506 0.867 0.000 L_SM1_C
95 0.506 0.867 0.000 L_SM1_D
96 0.506 0.867 0.000 L_SM1_E
97 0.600 1.000 0.000 L_SM2_A
98 0.584 1.000 0.000 L_SM2_B
99 0.667 1.000 0.169 L_SM3_A
100 0.667 1.000 0.169 L_SM3_B
101 0.667 1.000 0.169 L_SM3_C
102 0.702 1.000 0.220 L_SM4_A
103 0.702 1.000 0.220 L_SM4_B
104 0.702 1.000 0.220 L_SM4_C
105 0.729 1.000 0.255 L_SM5_A
106 0.729 1.000 0.255 L_SM5_B
107 0.729 1.000 0.255 L_SM5_C
108 0.729 1.000 0.255 L_SM5_D
109 0.729 1.000 0.255 L_SM5_E
110 0.000 0.478 0.000 L_P1_A
111 0.000 0.478 0.000 L_P1_B
112 0.000 0.478 0.000 L_P1_C
113 0.000 0.478 0.000 L_P1_D
114 0.000 0.478 0.000 L_P1_E
115 0.000 0.478 0.000 L_P1_F
116 0.000 0.478 0.000 L_P1_G
117 0.000 0.588 0.000 L_P2_A
118 0.000 0.588 0.000 L_P2_B
119 0.000 0.588 0.000 L_P2_C
120 0.000 0.588 0.000 L_P2_D
121 0.000 0.690 0.000 L_P3_A
122 0.000 0.690 0.000 L_P3_B
123 0.000 0.690 0.000 L_P3_C
124 0.000 0.690 0.000 L_P3_D
125 0.000 0.690 0.000 L_P3_E
126 0.000 0.690 0.000 L_P3_F
127 0.000 0.796 0.000 L_P4_A
128 0.000 0.796 0.000 L_P4_B
129 0.000 0.796 0.000 L_P4_C
130 0.000 0.796 0.000 L_P4_D
131 0.000 0.796 0.000 L_P4_E
132 0.000 0.796 0.000 L_P4_F
133 0.000 0.796 0.000 L_P4_G
134 0.000 1.000 0.000 L_S_A
135 0.000 1.000 0.000 L_S_B
136 0.000 1.000 0.000 L_S_C
137 0.000 1.000 0.000 L_S_D
138 0.000 1.000 0.000 L_S_E
139 0.000 1.000 0.000 L_S_F
140 0.000 1.000 0.000 L_S_G
141 0.000 1.000 0.000 L_S_H
142 0.000 1.000 0.000 L_S_I
143 0.000 1.000 0.000 L_S_J
144 0.000 1.000 0.000 L_S_K
145 0.000 1.000 0.000 L_S_L
146 0.000 1.000 0.000 L_S_M
147 0.784 0.000 0.000 L_M1_A
148 0.784 0.000 0.000 L_M1_B
149 0.784 0.000 0.000 L_M1_C
150 0.784 0.000 0.000 L_M1_D
151 1.000 0.000 0.000 L_M2_A
152 1.000 0.000 0.000 L_M2_B
153 1.000 0.000 0.000 L_M2_C
154 1.000 0.000 0.000 L_M2_D
155 1.000 0.000 0.000 L_M2_E
156 1.000 0.000 0.000 L_M2_F
157 1.000 0.000 0.000 L_M2_G
158 1.000 0.000 0.000 L_M2_H
159 1.000 0.000 0.000 L_M2_I
160 1.000 0.000 0.000 L_M2_J
161 1.000 0.000 0.000 L_M2_K
162 0.408 0.020 0.000 L_SF1_A
163 0.408 0.020 0.000 L_SF1_B
164 0.408 0.020 0.000 L_SF1_C
165 0.408 0.020 0.000 L_SF1_D
166 0.459 0.012 0.000 L_SF2_A
167 0.459 0.012 0.000 L_SF2_B
168 0.459 0.012 0.000 L_SF2_C
169 0.459 0.012 0.000 L_SF2_D
170 0.514 0.008 0.000 L_SF3_A
171 0.514 0.008 0.000 L_SF3_B
172 0.514 0.008 0.000 L_SF3_C
173 0.514 0.008 0.000 L_SF3_D
174 0.584 0.000 0.000 L_SF4_A
175 0.584 0.000 0.000 L_SF4_B
176 0.584 0.000 0.000 L_SF4_C
177 0.584 0.000 0.000 L_SF4_D
178 0.655 0.000 0.000 L_SF5_A
179 0.655 0.000 0.000 L_SF5_B
180 0.655 0.000 0.000 L_SF5_C
181 0.655 0.000 0.000 L_SF5_D
182 0.710 0.000 0.000 L_SF6_A
183 0.710 0.000 0.000 L_SF6_B
184 0.710 0.000 0.000 L_SF6_C
185 0.710 0.000 0.000 L_SF6_D
186 0.745 0.000 0.000 L_SF7_A
187 0.745 0.000 0.000 L_SF7_B
188 0.745 0.000 0.000 L_SF7_C
189 0.745 0.000 0.000 L_SF7_D
190 0.745 0.000 0.000 L_SF7_E
191 0.796 0.000 0.000 L_SF8_A
192 0.796 0.000 0.000 L_SF8_B
193 0.796 0.000 0.000 L_SF8_C
194 0.796 0.000 0.000 L_SF8_D
195 1.000 0.063 0.063 L_MF1_A
196 1.000 0.063 0.063 L_MF1_B
197 1.000 0.063 0.063 L_MF1_C
198 1.000 0.133 0.133 L_MF2_A
199 1.000 0.133 0.133 L_MF2_B
200 1.000 0.133 0.133 L_MF2_C
201 1.000 0.133 0.133 L_MF2_D
202 1.000 0.169 0.169 L_MF3_A
203 1.000 0.169 0.169 L_MF3_B
204 1.000 0.169 0.169 L_MF3_C
205 1.000 0.169 0.169 L_MF3_D
206 1.000 0.239 0.239 L_MF4_A
207 1.000 0.239 0.239 L_MF4_B
208 1.000 0.239 0.239 L_MF4_C
209 1.000 0.239 0.239 L_MF4_D
210 1.000 0.310 0.310 L_MF5_A
211 1.000 0.310 0.310 L_MF5_B
212 1.000 0.310 0.310 L_MF5_C
213 1.000 0.365 0.365 L_MF6_A
214 1.000 0.365 0.365 L_MF6_B
215 1.000 0.365 0.365 L_MF6_C
216 1.000 0.431 0.431 L_MF7_A
217 1.000 0.431 0.431 L_MF7_B
218 1.000 0.431 0.431 L_MF7_C
219 1.000 0.522 0.522 L_MF8_A
220 1.000 0.522 0.643 L_OP_A
221 1.000 0.522 0.643 L_OP_B
222 1.000 0.522 0.643 L_OP_C
223 1.000 0.329 0.518 L_TR1_A
224 1.000 0.329 0.518 L_TR1_B
225 1.000 0.380 0.557 L_TR2_A
226 1.000 0.380 0.557 L_TR2_B
227 1.000 0.400 0.592 L_TR3_A
228 1.000 0.400 0.592 L_TR3_B
229 1.000 0.310 0.494 L_OR_A
230 1.000 0.310 0.494 L_OR_B
231 1.000 0.310 0.494 L_OR_C
232 0.831 0.275 0.000 L_FP1_A
233 0.831 0.286 0.000 L_FP1_B
234 0.831 0.275 0.000 L_FP1_C
235 0.831 0.275 0.000 L_FP1_D
236 0.831 0.275 0.000 L_FP1_E
237 0.831 0.275 0.000 L_FP1_F
238 0.831 0.275 0.000 L_FP1_G
239 0.831 0.275 0.000 L_FP1_H
240 0.902 0.286 0.000 L_FP2_A
241 0.902 0.286 0.000 L_FP2_B
242 0.902 0.286 0.000 L_FP2_C
243 0.902 0.286 0.000 L_FP2_D
244 1.000 0.318 0.000 L_FP3_A
245 1.000 0.318 0.000 L_FP3_B
246 1.000 0.318 0.000 L_FP3_C
247 1.000 0.318 0.000 L_FP3_D
248 1.000 0.318 0.000 L_FP3_E
249 1.000 0.318 0.000 L_FP3_F
250 1.000 0.318 0.000 L_FP3_G
251 1.000 0.384 0.098 L_FP4_A
252 1.000 0.384 0.098 L_FP4_B
253 1.000 0.384 0.098 L_FP4_C
254 1.000 0.384 0.098 L_FP4_D
255 1.000 0.384 0.098 L_FP4_E
256 1.000 0.384 0.098 L_FP4_F
257 1.000 0.671 0.204 L_FO1_A
258 1.000 0.671 0.204 L_FO1_B
259 1.000 0.671 0.204 L_FO1_C
260 1.000 0.671 0.204 L_FO1_D
261 1.000 0.714 0.310 L_FO2_A
262 1.000 0.714 0.310 L_FO2_B
263 1.000 0.714 0.310 L_FO2_C
264 1.000 0.714 0.310 L_FO2_D
265 1.000 0.714 0.310 L_FO2_E
266 1.000 0.757 0.416 L_FO3_A
267 1.000 0.757 0.416 L_FO3_B
268 1.000 0.757 0.416 L_FO3_C
269 1.000 0.757 0.416 L_FO3_D
270 1.000 0.788 0.486 L_FO4_A
271 1.000 0.788 0.486 L_FO4_B
272 1.000 0.788 0.486 L_FO4_C
273 1.000 0.788 0.486 L_FO4_D
274 1.000 0.788 0.486 L_FO5_A
275 1.000 0.788 0.486 L_FO5_B
276 1.000 0.788 0.486 L_FO5_C
277 1.000 0.788 0.486 L_FO5_D
278 1.000 0.788 0.486 L_FO5_E
279 1.000 0.863 0.667 L_FO6_A
280 1.000 0.863 0.667 L_FO6_B
281 1.000 0.863 0.667 L_FO6_C
282 0.886 0.592 1.000 L_LOT_A
283 0.886 0.592 1.000 L_LOT_B
284 0.886 0.592 1.000 L_LOT_C
285 0.886 0.592 1.000 L_LOT_D
286 0.886 0.592 1.000 L_LOT_E
287 0.675 0.471 1.000 L_MOT_A
288 0.675 0.471 1.000 L_MOT_B
289 0.675 0.471 1.000 L_MOT_C
290 0.675 0.471 1.000 L_MOT_D
291 0.675 0.471 1.000 L_MOT_E
292 0.675 0.471 1.000 L_MOT_F
293 0.675 0.471 1.000 L_MOT_G
294 0.675 0.471 1.000 L_MOT_H
295 1.000 0.522 0.875 L_PH_A
296 1.000 0.522 0.875 L_PH_B
297 1.000 0.522 0.875 L_PH_C
298 1.000 0.522 0.875 L_PH_D
299 1.000 0.522 0.875 L_PH_E
300 1.000 0.522 0.875 L_PH_F
301 1.000 0.522 0.875 L_PH_G
302 1.000 0.835 0.000 L_L_A
303 1.000 0.835 0.000 L_L_B
304 1.000 0.835 0.000 L_L_C
305 0.710 0.271 0.682 L_CG_A
306 0.710 0.271 0.682 L_CG_B
307 0.710 0.271 0.682 L_CG_C
308 0.710 0.271 0.682 L_CG_D
309 0.710 0.271 0.682 L_CG_E
310 0.710 0.271 0.682 L_CG_F
311 0.710 0.271 0.682 L_CG_G
312 0.710 0.271 0.682 L_CG_H
313 0.710 0.271 0.682 L_CG_I
314 0.710 0.271 0.682 L_CG_J
315 0.710 0.271 0.682 L_CG_K
316 0.710 0.271 0.682 L_CG_L
317 0.710 0.271 0.682 L_CG_M
318 0.710 0.271 0.682 L_CG_N.1
319 0.710 0.271 0.682 L_CG_N.2
320 0.710 0.271 0.682 L_CG_O
321 0.710 0.271 0.682 L_CG_P
322 0.710 0.271 0.682 L_CG_Q
323 0.710 0.271 0.682 L_CG_R
324 0.443 0.290 1.000 L_H_A
325 0.443 0.290 1.000 L_H_B
326 0.443 0.290 1.000 L_H_C
327 0.494 0.000 0.902 L_A_A
328 0.494 0.000 0.902 L_A_B
329 0.420 0.000 0.584 L_I1_A
330 0.420 0.000 0.584 L_I1_B
331 0.420 0.000 0.584 L_I1_C
332 0.494 0.000 0.690 L_I2_A
333 0.494 0.000 0.690 L_I2_B
334 0.494 0.000 0.690 L_I2_C
335 0.608 0.000 0.867 L_I3_A
336 0.608 0.000 0.867 L_I3_B
337 0.608 0.000 0.867 L_I3_C
338 0.745 0.149 1.000 L_I4_A
339 0.745 0.149 1.000 L_I4_B
340 0.745 0.149 1.000 L_I4_C
341 0.745 0.149 1.000 L_I4_D
342 0.827 0.416 1.000 L_I5_A
343 0.827 0.416 1.000 L_I5_B
344 0.827 0.416 1.000 L_I5_C
345 0.827 0.416 1.000 L_I5_D
346 0.000 0.816 0.816 L_CC_A
347 0.000 1.000 1.000 L_CC_B
348 0.486 1.000 1.000 L_CC_C
349 0.000 0.451 0.902 R_TP1_A
350 0.000 0.451 0.902 R_TP1_B
351 0.000 0.451 0.902 R_TP1_C
352 0.000 0.451 0.902 R_TP1_D
353 0.000 0.451 0.902 R_TP1_E
354 0.000 0.451 0.902 R_TP1_F
355 0.184 0.592 1.000 R_TP2.1_A
356 0.184 0.592 1.000 R_TP2.1_B
357 0.184 0.592 1.000 R_TP2.1_C
358 0.184 0.592 1.000 R_TP2.1_D
359 0.365 0.682 1.000 R_TP2.2_A
360 0.365 0.682 1.000 R_TP2.2_B
361 0.365 0.682 1.000 R_TP2.2_C
362 0.365 0.682 1.000 R_TP2.2_D
363 0.522 0.761 1.000 R_TP3_A
364 0.522 0.761 1.000 R_TP3_B
365 0.522 0.761 1.000 R_TP3_C
366 0.522 0.761 1.000 R_TP3_D
367 0.431 0.431 1.000 R_T1_A
368 0.431 0.431 1.000 R_T1_B
369 0.431 0.431 1.000 R_T1_C
370 0.431 0.431 1.000 R_T1_D
371 0.431 0.431 1.000 R_T1_E
372 0.431 0.431 1.000 R_T1_F
373 0.431 0.431 1.000 R_T1_G
374 0.529 0.529 1.000 R_T2.1_A
375 0.529 0.529 1.000 R_T2.1_B
376 0.529 0.529 1.000 R_T2.1_C
377 0.529 0.529 1.000 R_T2.1_D
378 0.529 0.529 1.000 R_T2.1_E
379 0.529 0.529 1.000 R_T2.1_F
380 0.529 0.529 1.000 R_T2.1_G
381 0.627 0.627 1.000 R_T2.2_A
382 0.627 0.627 1.000 R_T2.2_B
383 0.627 0.627 1.000 R_T2.2_C
384 0.627 0.627 1.000 R_T2.2_D
385 0.627 0.627 1.000 R_T2.2_E
386 0.627 0.627 1.000 R_T2.2_F
387 0.627 0.627 1.000 R_T2.2_G
388 0.718 0.718 1.000 R_T3.1_A
389 0.718 0.718 1.000 R_T3.1_B
390 0.718 0.718 1.000 R_T3.1_C
391 0.718 0.718 1.000 R_T3.1_D
392 0.718 0.718 1.000 R_T3.1_E
393 0.718 0.718 1.000 R_T3.1_F
394 0.824 0.824 1.000 R_T3.2_A
395 0.824 0.824 1.000 R_T3.2_B
396 0.824 0.824 1.000 R_T3.2_C
397 0.824 0.824 1.000 R_T3.2_D
398 0.824 0.824 1.000 R_T3.2_E
399 0.851 0.851 0.000 R_O1_A
400 0.851 0.851 0.000 R_O1_B
401 0.851 0.851 0.000 R_O1_C
402 0.851 0.851 0.000 R_O1_D
403 0.851 0.851 0.000 R_O1_E
404 0.922 0.922 0.000 R_O2.1_A
405 0.922 0.922 0.000 R_O2.1_B
406 0.922 0.922 0.000 R_O2.1_C
407 0.922 0.922 0.000 R_O2.1_D
408 0.922 0.922 0.000 R_O2.1_E
409 1.000 1.000 0.149 R_O2.2_A
410 1.000 1.000 0.149 R_O2.2_B
411 1.000 1.000 0.149 R_O2.2_C
412 1.000 1.000 0.149 R_O2.2_D
413 1.000 1.000 0.149 R_O2.2_E
414 1.000 1.000 0.149 R_O2.2_F
415 1.000 1.000 0.149 R_O2.2_G
416 1.000 1.000 0.149 R_O2.2_H
417 1.000 1.000 0.149 R_O2.2_I
418 1.000 1.000 0.149 R_O2.2_J
419 1.000 1.000 0.149 R_O2.2_K
420 1.000 1.000 0.380 R_O3_A
421 1.000 1.000 0.380 R_O3_B
422 1.000 1.000 0.380 R_O3_C.1
423 1.000 1.000 0.380 R_O3_C.2
424 1.000 1.000 0.380 R_O3_D.1
425 1.000 1.000 0.380 R_O3_D.2
426 1.000 1.000 0.380 R_O3_E
427 1.000 1.000 0.380 R_O3_F
428 1.000 1.000 0.380 R_O3_G
429 1.000 1.000 0.380 R_O3_H
430 1.000 1.000 0.380 R_O3_I
431 1.000 1.000 0.647 R_O4_A
432 1.000 1.000 0.380 R_O4_B
433 0.451 1.000 0.498 R_AN1_A
434 0.451 1.000 0.498 R_AN1_B
435 0.451 1.000 0.498 R_AN1_C
436 0.522 1.000 0.569 R_AN2_A
437 0.522 1.000 0.569 R_AN2_B
438 0.522 1.000 0.569 R_AN2_C
439 0.522 1.000 0.569 R_AN2_D
440 0.506 0.867 0.000 R_SM1_A
441 0.506 0.867 0.000 R_SM1_B
442 0.506 0.867 0.000 R_SM1_C
443 0.506 0.867 0.000 R_SM1_D
444 0.506 0.867 0.000 R_SM1_E
445 0.600 1.000 0.000 R_SM2_A
446 0.584 1.000 0.000 R_SM2_B
447 0.667 1.000 0.169 R_SM3_A
448 0.667 1.000 0.169 R_SM3_B
449 0.667 1.000 0.169 R_SM3_C
450 0.702 1.000 0.220 R_SM4_A
451 0.702 1.000 0.220 R_SM4_B
452 0.702 1.000 0.220 R_SM4_C
453 0.729 1.000 0.255 R_SM5_A
454 0.729 1.000 0.255 R_SM5_B
455 0.729 1.000 0.255 R_SM5_C
456 0.729 1.000 0.255 R_SM5_D
457 0.729 1.000 0.255 R_SM5_E
458 0.000 0.478 0.000 R_P1_A
459 0.000 0.478 0.000 R_P1_B
460 0.000 0.478 0.000 R_P1_C
461 0.000 0.478 0.000 R_P1_D
462 0.000 0.478 0.000 R_P1_E
463 0.000 0.478 0.000 R_P1_F
464 0.000 0.478 0.000 R_P1_G
465 0.000 0.588 0.000 R_P2_A
466 0.000 0.588 0.000 R_P2_B
467 0.000 0.588 0.000 R_P2_C
468 0.000 0.588 0.000 R_P2_D
469 0.000 0.690 0.000 R_P3_A
470 0.000 0.690 0.000 R_P3_B
471 0.000 0.690 0.000 R_P3_C
472 0.000 0.690 0.000 R_P3_D
473 0.000 0.690 0.000 R_P3_E
474 0.000 0.690 0.000 R_P3_F
475 0.000 0.796 0.000 R_P4_A
476 0.000 0.796 0.000 R_P4_B
477 0.000 0.796 0.000 R_P4_C
478 0.000 0.796 0.000 R_P4_D
479 0.000 0.796 0.000 R_P4_E
480 0.000 0.796 0.000 R_P4_F
481 0.000 0.796 0.000 R_P4_G
482 0.000 1.000 0.000 R_S_A
483 0.000 1.000 0.000 R_S_B
484 0.000 1.000 0.000 R_S_C
485 0.000 1.000 0.000 R_S_D
486 0.000 1.000 0.000 R_S_E
487 0.000 1.000 0.000 R_S_F
488 0.000 1.000 0.000 R_S_G
489 0.000 1.000 0.000 R_S_H
490 0.000 1.000 0.000 R_S_I
491 0.000 1.000 0.000 R_S_J
492 0.000 1.000 0.000 R_S_K
493 0.000 1.000 0.000 R_S_L
494 0.000 1.000 0.000 R_S_M
495 0.784 0.000 0.000 R_M1_A
496 0.784 0.000 0.000 R_M1_B
497 0.784 0.000 0.000 R_M1_C
498 0.784 0.000 0.000 R_M1_D
499 1.000 0.000 0.000 R_M2_A
500 1.000 0.000 0.000 R_M2_B
501 1.000 0.000 0.000 R_M2_C
502 1.000 0.000 0.000 R_M2_D
503 1.000 0.000 0.000 R_M2_E
504 1.000 0.000 0.000 R_M2_F
505 1.000 0.000 0.000 R_M2_G
506 1.000 0.000 0.000 R_M2_H
507 1.000 0.000 0.000 R_M2_I
508 1.000 0.000 0.000 R_M2_J
509 1.000 0.000 0.000 R_M2_K
510 0.408 0.020 0.000 R_SF1_A
511 0.408 0.020 0.000 R_SF1_B
512 0.408 0.020 0.000 R_SF1_C
513 0.408 0.020 0.000 R_SF1_D
514 0.459 0.012 0.000 R_SF2_A
515 0.459 0.012 0.000 R_SF2_B
516 0.459 0.012 0.000 R_SF2_C
517 0.459 0.012 0.000 R_SF2_D
518 0.514 0.008 0.000 R_SF3_A
519 0.514 0.008 0.000 R_SF3_B
520 0.514 0.008 0.000 R_SF3_C
521 0.514 0.008 0.000 R_SF3_D
522 0.584 0.000 0.000 R_SF4_A
523 0.584 0.000 0.000 R_SF4_B
524 0.584 0.000 0.000 R_SF4_C
525 0.584 0.000 0.000 R_SF4_D
526 0.655 0.000 0.000 R_SF5_A
527 0.655 0.000 0.000 R_SF5_B
528 0.655 0.000 0.000 R_SF5_C
529 0.655 0.000 0.000 R_SF5_D
530 0.710 0.000 0.000 R_SF6_A
531 0.710 0.000 0.000 R_SF6_B
532 0.710 0.000 0.000 R_SF6_C
533 0.710 0.000 0.000 R_SF6_D
534 0.745 0.000 0.000 R_SF7_A
535 0.745 0.000 0.000 R_SF7_B
536 0.745 0.000 0.000 R_SF7_C
537 0.745 0.000 0.000 R_SF7_D
538 0.745 0.000 0.000 R_SF7_E
539 0.796 0.000 0.000 R_SF8_A
540 0.796 0.000 0.000 R_SF8_B
541 0.796 0.000 0.000 R_SF8_C
542 0.796 0.000 0.000 R_SF8_D
543 1.000 0.063 0.063 R_MF1_A
544 1.000 0.063 0.063 R_MF1_B
545 1.000 0.063 0.063 R_MF1_C
546 1.000 0.133 0.133 R_MF2_A
547 1.000 0.133 0.133 R_MF2_B
548 1.000 0.133 0.133 R_MF2_C
549 1.000 0.133 0.133 R_MF2_D
550 1.000 0.169 0.169 R_MF3_A
551 1.000 0.169 0.169 R_MF3_B
552 1.000 0.169 0.169 R_MF3_C
553 1.000 0.169 0.169 R_MF3_D
554 1.000 0.239 0.239 R_MF4_A
555 1.000 0.239 0.239 R_MF4_B
556 1.000 0.239 0.239 R_MF4_C
557 1.000 0.239 0.239 R_MF4_D
558 1.000 0.310 0.310 R_MF5_A
559 1.000 0.310 0.310 R_MF5_B
560 1.000 0.310 0.310 R_MF5_C
561 1.000 0.365 0.365 R_MF6_A
562 1.000 0.365 0.365 R_MF6_B
563 1.000 0.365 0.365 R_MF6_C
564 1.000 0.431 0.431 R_MF7_A
565 1.000 0.431 0.431 R_MF7_B
566 1.000 0.431 0.431 R_MF7_C
567 1.000 0.522 0.522 R_MF8_A
568 1.000 0.522 0.643 R_OP_A
569 1.000 0.522 0.643 R_OP_B
570 1.000 0.522 0.643 R_OP_C
571 1.000 0.329 0.518 R_TR1_A
572 1.000 0.329 0.518 R_TR1_B
573 1.000 0.380 0.557 R_TR2_A
574 1.000 0.380 0.557 R_TR2_B
575 1.000 0.400 0.592 R_TR3_A
576 1.000 0.400 0.592 R_TR3_B
577 1.000 0.310 0.494 R_OR_A
578 1.000 0.310 0.494 R_OR_B
579 1.000 0.310 0.494 R_OR_C
580 0.831 0.275 0.000 R_FP1_A
581 0.831 0.286 0.000 R_FP1_B
582 0.831 0.275 0.000 R_FP1_C
583 0.831 0.275 0.000 R_FP1_D
584 0.831 0.275 0.000 R_FP1_E
585 0.831 0.275 0.000 R_FP1_F
586 0.831 0.275 0.000 R_FP1_G
587 0.831 0.275 0.000 R_FP1_H
588 0.902 0.286 0.000 R_FP2_A
589 0.902 0.286 0.000 R_FP2_B
590 0.902 0.286 0.000 R_FP2_C
591 0.902 0.286 0.000 R_FP2_D
592 1.000 0.318 0.000 R_FP3_A
593 1.000 0.318 0.000 R_FP3_B
594 1.000 0.318 0.000 R_FP3_C
595 1.000 0.318 0.000 R_FP3_D
596 1.000 0.318 0.000 R_FP3_E
597 1.000 0.318 0.000 R_FP3_F
598 1.000 0.318 0.000 R_FP3_G
599 1.000 0.384 0.098 R_FP4_A
600 1.000 0.384 0.098 R_FP4_B
601 1.000 0.384 0.098 R_FP4_C
602 1.000 0.384 0.098 R_FP4_D
603 1.000 0.384 0.098 R_FP4_E
604 1.000 0.384 0.098 R_FP4_F
605 1.000 0.671 0.204 R_FO1_A
606 1.000 0.671 0.204 R_FO1_B
607 1.000 0.671 0.204 R_FO1_C
608 1.000 0.671 0.204 R_FO1_D
609 1.000 0.714 0.310 R_FO2_A
610 1.000 0.714 0.310 R_FO2_B
611 1.000 0.714 0.310 R_FO2_C
612 1.000 0.714 0.310 R_FO2_D
613 1.000 0.714 0.310 R_FO2_E
614 1.000 0.757 0.416 R_FO3_A
615 1.000 0.757 0.416 R_FO3_B
616 1.000 0.757 0.416 R_FO3_C
617 1.000 0.757 0.416 R_FO3_D
618 1.000 0.788 0.486 R_FO4_A
619 1.000 0.788 0.486 R_FO4_B
620 1.000 0.788 0.486 R_FO4_C
621 1.000 0.788 0.486 R_FO4_D
622 1.000 0.788 0.486 R_FO5_A
623 1.000 0.788 0.486 R_FO5_B
624 1.000 0.788 0.486 R_FO5_C
625 1.000 0.788 0.486 R_FO5_D
626 1.000 0.788 0.486 R_FO5_E
627 1.000 0.863 0.667 R_FO6_A
628 1.000 0.863 0.667 R_FO6_B
629 1.000 0.863 0.667 R_FO6_C
630 0.886 0.592 1.000 R_LOT_A
631 0.886 0.592 1.000 R_LOT_B
632 0.886 0.592 1.000 R_LOT_C
633 0.886 0.592 1.000 R_LOT_D
634 0.886 0.592 1.000 R_LOT_E
635 0.675 0.471 1.000 R_MOT_A
636 0.675 0.471 1.000 R_MOT_B
637 0.675 0.471 1.000 R_MOT_C
638 0.675 0.471 1.000 R_MOT_D
639 0.675 0.471 1.000 R_MOT_E
640 0.675 0.471 1.000 R_MOT_F
641 0.675 0.471 1.000 R_MOT_G
642 0.675 0.471 1.000 R_MOT_H
643 1.000 0.522 0.875 R_PH_A
644 1.000 0.522 0.875 R_PH_B
645 1.000 0.522 0.875 R_PH_C
646 1.000 0.522 0.875 R_PH_D
647 1.000 0.522 0.875 R_PH_E
648 1.000 0.522 0.875 R_PH_F
649 1.000 0.522 0.875 R_PH_G
650 1.000 0.835 0.000 R_L_A
651 1.000 0.835 0.000 R_L_B
652 1.000 0.835 0.000 R_L_C
653 0.710 0.271 0.682 R_CG_A
654 0.710 0.271 0.682 R_CG_B
655 0.710 0.271 0.682 R_CG_C
656 0.710 0.271 0.682 R_CG_D
657 0.710 0.271 0.682 R_CG_E
658 0.710 0.271 0.682 R_CG_F
659 0.710 0.271 0.682 R_CG_G
660 0.710 0.271 0.682 R_CG_H
661 0.710 0.271 0.682 R_CG_I
662 0.710 0.271 0.682 R_CG_J
663 0.710 0.271 0.682 R_CG_K
664 0.710 0.271 0.682 R_CG_L
665 0.710 0.271 0.682 R_CG_M
666 0.710 0.271 0.682 R_CG_N.1
667 0.710 0.271 0.682 R_CG_N.2
668 0.710 0.271 0.682 R_CG_O
669 0.710 0.271 0.682 R_CG_P
670 0.710 0.271 0.682 R_CG_Q
671 0.710 0.271 0.682 R_CG_R
672 0.443 0.290 1.000 R_H_A
673 0.443 0.290 1.000 R_H_B
674 0.443 0.290 1.000 R_H_C
675 0.494 0.000 0.902 R_A_A
676 0.494 0.000 0.902 R_A_B
677 0.420 0.000 0.584 R_I1_A
678 0.420 0.000 0.584 R_I1_B
679 0.420 0.000 0.584 R_I1_C
680 0.494 0.000 0.690 R_I2_A
681 0.494 0.000 0.690 R_I2_B
682 0.494 0.000 0.690 R_I2_C
683 0.608 0.000 0.867 R_I3_A
684 0.608 0.000 0.867 R_I3_B
685 0.608 0.000 0.867 R_I3_C
686 0.745 0.149 1.000 R_I4_A
687 0.745 0.149 1.000 R_I4_B
688 0.745 0.149 1.000 R_I4_C
689 0.745 0.149 1.000 R_I4_D
690 0.827 0.416 1.000 R_I5_A
691 0.827 0.416 1.000 R_I5_B
692 0.827 0.416 1.000 R_I5_C
693 0.827 0.416 1.000 R_I5_D
694 0.000 0.816 0.816 R_CC_A
695 0.000 1.000 1.000 R_CC_B
696 0.486 1.000 1.000 R_CC_C